number count
10000 831
20000 902
30000 941
40000 1036
50000 1031
60000 1023
70000 1022
80000 1023
90000 1054
100000 1049
110000 1079
120000 1085
130000 1112
140000 1116
150000 1098
160000 1128
170000 1201
180000 1126
190000 1140
200000 1188
210000 1148
220000 1174
230000 1195
240000 1204
250000 2667
260000 1226
270000 1269
280000 1351
290000 1285
300000 1290
310000 1311
320000 1268
330000 1282
340000 1361
350000 1317
360000 1317
370000 1330
380000 1336
390000 1352
400000 1394
410000 1347
420000 1396
430000 1376
440000 1360
450000 1380
460000 1425
470000 1474
480000 1414
490000 1516
500000 1489
510000 1414
520000 1472
530000 1503
540000 3258
550000 1446
560000 1444
570000 1486
580000 1390
590000 1461
600000 1511
610000 1648
620000 1860
630000 1627
640000 1445
650000 1467
660000 1890
670000 1518
680000 1509
690000 1448
700000 1452
710000 1528
720000 1522
730000 1447
740000 1443
750000 1465
760000 1505
770000 1504
780000 1613
790000 1457
800000 1482
810000 1483
820000 1480
830000 1514
840000 1475
850000 1465
860000 1490
870000 1545
880000 1646
890000 1461
900000 1443
910000 1449
920000 1452
930000 1449
940000 1455
950000 1469
960000 1455
970000 1474
980000 1456
990000 1467
1000000 1485
1010000 1494
1020000 1485
1030000 1465
1040000 1472
1050000 1476
1060000 1565
1070000 1454
1080000 1492
1090000 1505
1100000 1470
1110000 1515
1120000 1485
1130000 1553
1140000 1500
1150000 1514
1160000 1514
1170000 1524
1180000 1527
1190000 1499
1200000 1550
1210000 1509
1220000 1538
1230000 1620
1240000 1549
1250000 1533
1260000 1547
1270000 1514
1280000 1546
1290000 1541
1300000 1540
1310000 1564
1320000 1565
1330000 1591
1340000 1548
1350000 1531
1360000 1570
1370000 1578
1380000 1544
1390000 1547
1400000 1571
1410000 1657
1420000 1608
1430000 1554
1440000 1533
1450000 1617
1460000 1561
1470000 1600
1480000 1647
1490000 1721
1500000 1672
1510000 1721
1520000 1777
1530000 1642
1540000 1786
1550000 1601
1560000 1588
1570000 1907
1580000 1909
1590000 1738
1600000 1641
1610000 1616
1620000 1563
1630000 1571
1640000 1567
1650000 1595
1660000 1617
1670000 1759
1680000 1634
1690000 1608
1700000 1633
1710000 1634
1720000 1647
1730000 1588
1740000 1719
1750000 1972
1760000 1672
1770000 1667
1780000 1743
1790000 1762
1800000 1642
1810000 1660
1820000 1673
1830000 1580
1840000 1731
1850000 1642
1860000 1649
1870000 1686
1880000 1610
1890000 1661
1900000 1624
1910000 1653
1920000 1660
1930000 1763
1940000 1829
1950000 3833
1960000 4512
1970000 3110
1980000 2246
1990000 1729
2000000 1653
2010000 1777
2020000 1963
2030000 2199
2040000 2488
2050000 1703
2060000 1662
2070000 1604
2080000 1803
2090000 1679
2100000 1621
2110000 1661
2120000 1826
2130000 1644
2140000 1722
2150000 1642
2160000 1623
2170000 1617
2180000 1665
2190000 1714
2200000 1640
2210000 1630
2220000 1651
2230000 1776
2240000 1800
2250000 1681
2260000 1622
2270000 1764
2280000 1641
2290000 1670
2300000 1676
2310000 2025
2320000 1773
2330000 1668
2340000 2865
2350000 2944
2360000 2163
2370000 2133
2380000 1843
2390000 1940
2400000 1765
2410000 1679
2420000 1701
2430000 1758
2440000 1735
2450000 1743
2460000 1768
2470000 1782
2480000 1679
2490000 1678
2500000 1815
2510000 1680
2520000 1744
2530000 1678
2540000 2172
2550000 1733
2560000 1759
2570000 1705
2580000 1739
2590000 1711
2600000 1690
2610000 1821
2620000 1713
2630000 1714
2640000 1771
2650000 1767
2660000 1726
2670000 1752
2680000 1721
2690000 1737
2700000 1978
2710000 1774
2720000 1740
2730000 1695
2740000 1843
2750000 1809
2760000 1758
2770000 1880
2780000 2406
2790000 2304
2800000 2448
2810000 2008
2820000 1849
2830000 2146
2840000 1812
2850000 1854
2860000 1885
2870000 1837
2880000 1774
2890000 2229
2900000 2038
2910000 2063
2920000 1991
2930000 4370
2940000 3248
2950000 3043
2960000 1926
2970000 1889
2980000 1903
2990000 1757
3000000 1786
3010000 1862
3020000 1752
3030000 2282
3040000 1763
3050000 1768
3060000 1780
3070000 1775
3080000 1712
3090000 1928
3100000 1766
3110000 1773
3120000 1855
3130000 1785
3140000 1799
3150000 1844
3160000 3016
3170000 3463
3180000 4203
3190000 2837
3200000 2044
3210000 1898
3220000 1887
3230000 2255
3240000 2039
3250000 2309
3260000 2707
3270000 2119
3280000 1951
3290000 1993
3300000 1904
3310000 2032
3320000 1880
3330000 3947
3340000 3117
3350000 2936
3360000 3308
3370000 2998
3380000 2278
3390000 1959
3400000 2126
3410000 2008
3420000 2516
3430000 2887
3440000 2251
3450000 2221
3460000 2137
3470000 2190
3480000 2019
3490000 2072
3500000 2066
3510000 2025
3520000 1819
3530000 2163
3540000 2110
3550000 3255
3560000 2163
3570000 3810
3580000 2293
3590000 2000
3600000 2383
3610000 1969
3620000 2166
3630000 1987
3640000 1949
3650000 2573
3660000 2050
3670000 2412
3680000 4326
3690000 3526
3700000 2450
3710000 2207
3720000 2067
3730000 2025
3740000 2678
3750000 2218
3760000 2372
3770000 4398
3780000 3696
3790000 3322
3800000 3791
3810000 2328
3820000 2853
3830000 3370
3840000 2563
3850000 2177
3860000 2672
3870000 2272
3880000 2271
3890000 2312
3900000 2233
3910000 2928
3920000 2534
3930000 2598
3940000 2253
3950000 3034
3960000 2294
3970000 2362
3980000 2405
3990000 2484
4000000 2260
4010000 2509
4020000 2193
4030000 2192
4040000 2693
4050000 2342
4060000 5393
4070000 3785
4080000 2476
4090000 2518
4100000 2902
4110000 2186
4120000 2938
4130000 2524
4140000 3480
4150000 2394
4160000 2675
4170000 2332
4180000 2894
4190000 2529
4200000 3122
4210000 3732
4220000 2915
4230000 2568
4240000 2595
4250000 2842
4260000 3014
4270000 2838
4280000 2980
4290000 4490
4300000 3777
4310000 3303
4320000 3219
4330000 3000
4340000 2850
4350000 2783
4360000 2892
4370000 2788
4380000 3043
4390000 3020
4400000 2803
4410000 2705
4420000 2807
4430000 2811
4440000 2991
4450000 2772
4460000 3484
4470000 4817
4480000 4147
4490000 4323
4500000 2919
4510000 2934
4520000 3217
4530000 3248
4540000 4591
4550000 3098
4560000 3186
4570000 4282
4580000 2852
4590000 3059
4600000 2823
4610000 3749
4620000 2926
4630000 3037
4640000 2921
4650000 3154
4660000 4090
4670000 3404
4680000 3346
4690000 3222
4700000 3431
4710000 2776
4720000 2745
4730000 2712
4740000 2856
4750000 2916
4760000 2895
4770000 2733
4780000 2844
4790000 2847
4800000 2826
4810000 3206
4820000 4213
4830000 3828
4840000 2847
4850000 2894
4860000 2693
4870000 2985
4880000 2903
4890000 2906
4900000 3178
4910000 2823
4920000 3492
4930000 4026
4940000 2885
4950000 2879
4960000 2783
4970000 3163
4980000 3054
4990000 2936
5000000 2847
5010000 3246
5020000 2988
5030000 3164
5040000 3352
5050000 3123
5060000 5419
5070000 5228
5080000 5994
5090000 4166
5100000 3014
5110000 3314
5120000 2926
5130000 3121
5140000 3081
5150000 3031
5160000 3443
5170000 3081
5180000 5542
5190000 3346
5200000 3437
5210000 4073
5220000 3209
5230000 5851
5240000 3917
5250000 3299
5260000 3075
5270000 3279
5280000 3049
5290000 3391
5300000 3283
5310000 4431
5320000 3468
5330000 3187
5340000 3091
5350000 3090
5360000 2980
5370000 3000
5380000 2856
5390000 2829
5400000 3057
5410000 3113
5420000 3115
5430000 3141
5440000 3096
5450000 3344
5460000 3620
5470000 3384
5480000 3161
5490000 3215
5500000 3269
5510000 3212
5520000 3226
5530000 3180
5540000 2959
5550000 3623
5560000 3113
5570000 3855
5580000 3714
5590000 5222
5600000 5402
5610000 3183
5620000 3801
5630000 3396
5640000 3850
5650000 3623
5660000 5411
5670000 3127
5680000 5153
5690000 3207
5700000 3035
5710000 3449
5720000 3243
5730000 3123
5740000 3347
5750000 3246
5760000 3352
5770000 4640
5780000 3766
5790000 3207
5800000 3263
5810000 3215
5820000 3574
5830000 3410
5840000 3405
5850000 8744
5860000 9618
5870000 5210
5880000 4604
5890000 4189
5900000 3946
5910000 4737
5920000 5854
5930000 4244
5940000 5978
5950000 4086
5960000 3836
5970000 3480
5980000 3582
5990000 4286
6000000 3944
6010000 3634
6020000 3633
6030000 3671
6040000 3566
6050000 3790
6060000 4161
6070000 5686
6080000 6627
6090000 3603
6100000 3263
6110000 3440
6120000 3499
6130000 3460
6140000 3679
6150000 3486
6160000 3237
6170000 4655
6180000 6869
6190000 5418
6200000 3965
6210000 3298
6220000 3276
6230000 3367
6240000 3180
6250000 3506
6260000 3674
6270000 4116
6280000 3872
6290000 3742
6300000 3809
6310000 3652
6320000 3755
6330000 3904
6340000 3636
6350000 3786
6360000 3890
6370000 4118
6380000 3819
6390000 3830
6400000 3852
6410000 3723
6420000 3997
6430000 4122
6440000 3773
6450000 3808
6460000 3873
6470000 5082
6480000 3849
6490000 3955
6500000 3695
6510000 3703
6520000 3456
6530000 7902
6540000 6584
6550000 4382
6560000 3615
6570000 5077
6580000 4503
6590000 4649
6600000 4507
6610000 4700
6620000 3974
6630000 3541
6640000 3862
6650000 3611
6660000 3943
6670000 3586
6680000 3677
6690000 4231
6700000 5556
6710000 3683
6720000 3850
6730000 3803
6740000 3826
6750000 3561
6760000 3652
6770000 3729
6780000 3692
6790000 3686
6800000 3669
6810000 4026
6820000 3511
6830000 3644
6840000 3498
6850000 3819
6860000 3607
6870000 3628
6880000 3599
6890000 4166
6900000 3811
6910000 4620
6920000 4104
6930000 4191
6940000 4134
6950000 4176
6960000 4085
6970000 7552
6980000 3784
6990000 6056
7000000 3626
7010000 3875
7020000 3961
7030000 8441
7040000 6594
7050000 3946
7060000 3774
7070000 4718
7080000 4330
7090000 3691
7100000 4087
7110000 3670
7120000 3749
7130000 3661
7140000 3915
7150000 3654
7160000 3917
7170000 4091
7180000 4296
7190000 4080
7200000 3584
7210000 3699
7220000 3769
7230000 3652
7240000 3725
7250000 3722
7260000 3758
7270000 3777
7280000 3873
7290000 4386
7300000 3721
7310000 5064
7320000 6661
7330000 5889
7340000 7144
7350000 3801
7360000 4283
7370000 3823
7380000 5523
7390000 7855
7400000 7710
7410000 3792
7420000 3875
7430000 4526
7440000 4732
7450000 4516
7460000 4780
7470000 4226
7480000 3855
7490000 3822
7500000 3849
7510000 3959
7520000 5429
7530000 4230
7540000 4075
7550000 4299
7560000 4747
7570000 4865
7580000 4698
7590000 4309
7600000 4319
7610000 4379
7620000 4546
7630000 5031
7640000 3808
7650000 5058
7660000 4061
7670000 4132
7680000 4017
7690000 3942
7700000 4065
7710000 3863
7720000 4046
7730000 3906
7740000 3798
7750000 3829
7760000 7492
7770000 6897
7780000 4722
7790000 7817
7800000 6242
7810000 4466
7820000 5323
7830000 3910
7840000 4045
7850000 3826
7860000 4039
7870000 3996
7880000 4184
7890000 3997
7900000 5262
7910000 4561
7920000 4753
7930000 3926
7940000 4119
7950000 4601
7960000 4251
7970000 4030
7980000 5156
7990000 4012
8000000 4110
8010000 3994
8020000 4020
8030000 4153
8040000 4064
8050000 3799
8060000 4387
8070000 4302
8080000 4455
8090000 4472
8100000 4428
8110000 4814
8120000 4575
8130000 4199
8140000 5640
8150000 4812
8160000 4275
8170000 4260
8180000 7462
8190000 7195
8200000 7672
8210000 5380
8220000 7474
8230000 4675
8240000 5125
8250000 5158
8260000 5611
8270000 5402
8280000 5245
8290000 5623
8300000 4849
8310000 5826
8320000 5314
8330000 5998
8340000 5137
8350000 4851
8360000 4796
8370000 5187
8380000 4928
8390000 6324
8400000 4723
8410000 6024
8420000 5595
8430000 7141
8440000 4767
8450000 4737
8460000 4850
8470000 5735
8480000 4828
8490000 5230
8500000 5065
8510000 5043
8520000 6873
8530000 6081
8540000 5448
8550000 6761
8560000 4996
8570000 5993
8580000 5336
8590000 4818
8600000 4755
8610000 4609
8620000 5510
8630000 4734
8640000 4979
8650000 5481
8660000 6157
8670000 5580
8680000 5002
8690000 7945
8700000 8168
8710000 4898
8720000 6221
8730000 5248
8740000 7555
8750000 8261
8760000 5512
8770000 6902
8780000 7272
8790000 8684
8800000 9378
8810000 5646
8820000 5774
8830000 5807
8840000 7507
8850000 7860
8860000 7859
8870000 6872
8880000 5685
8890000 5357
8900000 5031
8910000 5467
8920000 5087
8930000 5539
8940000 5178
8950000 5177
8960000 5335
8970000 5924
8980000 5364
8990000 5343
9000000 5660
9010000 6060
9020000 6280
9030000 5966
9040000 5829
9050000 6123
9060000 6521
9070000 6995
9080000 5345
9090000 5317
9100000 6343
9110000 5836
9120000 5746
9130000 5623
9140000 5777
9150000 5882
9160000 6288
9170000 5556
9180000 5829
9190000 5305
9200000 5425
9210000 5570
9220000 5286
9230000 4920
9240000 5371
9250000 5363
9260000 5147
9270000 4924
9280000 5264
9290000 6398
9300000 5448
9310000 5927
9320000 5221
9330000 5052
9340000 5161
9350000 5319
9360000 5586
9370000 6294
9380000 5558
9390000 5328
9400000 5582
9410000 5695
9420000 4945
9430000 5082
9440000 5294
9450000 5272
9460000 4787
9470000 6773
9480000 5636
9490000 6338
9500000 5064
9510000 5101
9520000 5009
9530000 5017
9540000 5828
9550000 5030
9560000 5003
9570000 6342
9580000 8168
9590000 5101
9600000 6205
9610000 6262
9620000 6042
9630000 6840
9640000 5729
9650000 5640
9660000 5816
9670000 6116
9680000 6289
9690000 5986
9700000 5930
9710000 5970
9720000 5949
9730000 7085
9740000 5718
9750000 4918
9760000 5270
9770000 6815
9780000 5057
9790000 5539
9800000 6020
9810000 8160
9820000 5090
9830000 9651
9840000 5444
9850000 6146
9860000 6758
9870000 6443
9880000 5474
9890000 5445
9900000 5163
9910000 5226
9920000 5908
9930000 5655
9940000 6854
9950000 6331
9960000 6177
9970000 6664
9980000 6800
9990000 5824
10000000 7286
