number count
10000 171
20000 214
30000 180
40000 195
50000 188
60000 188
70000 195
80000 196
90000 210
100000 201
110000 231
120000 207
130000 193
140000 211
150000 211
160000 211
170000 226
180000 211
190000 211
200000 229
210000 312
220000 325
230000 212
240000 212
250000 232
260000 222
270000 224
280000 224
290000 278
300000 230
310000 229
320000 224
330000 267
340000 234
350000 224
360000 222
370000 223
380000 223
390000 234
400000 222
410000 222
420000 236
430000 221
440000 232
450000 222
460000 222
470000 221
480000 221
490000 236
500000 221
510000 221
520000 221
530000 268
540000 270
550000 270
560000 1750
570000 236
580000 240
590000 284
600000 317
610000 254
620000 233
630000 279
640000 239
650000 341
660000 236
670000 242
680000 235
690000 304
700000 237
710000 232
720000 230
730000 232
740000 230
750000 248
760000 232
770000 260
780000 235
790000 239
800000 231
810000 235
820000 231
830000 251
840000 231
850000 231
860000 230
870000 232
880000 247
890000 295
900000 238
910000 234
920000 236
930000 232
940000 231
950000 232
960000 278
970000 239
980000 231
990000 230
1000000 239
1010000 256
1020000 230
1030000 230
1040000 245
1050000 250
1060000 375
1070000 246
1080000 246
1090000 339
1100000 246
1110000 273
1120000 246
1130000 246
1140000 258
1150000 246
1160000 247
1170000 248
1180000 255
1190000 246
1200000 246
1210000 246
1220000 246
1230000 264
1240000 246
1250000 246
1260000 246
1270000 257
1280000 256
1290000 257
1300000 256
1310000 245
1320000 302
1330000 245
1340000 244
1350000 245
1360000 249
1370000 243
1380000 275
1390000 243
1400000 263
1410000 244
1420000 243
1430000 244
1440000 244
1450000 243
1460000 243
1470000 244
1480000 307
1490000 245
1500000 259
1510000 244
1520000 244
1530000 257
1540000 244
1550000 244
1560000 296
1570000 242
1580000 285
1590000 244
1600000 247
1610000 253
1620000 256
1630000 353
1640000 242
1650000 243
1660000 244
1670000 298
1680000 242
1690000 242
1700000 248
1710000 242
1720000 242
1730000 243
1740000 242
1750000 242
1760000 242
1770000 251
1780000 242
1790000 242
1800000 242
1810000 242
1820000 254
1830000 242
1840000 253
1850000 241
1860000 241
1870000 241
1880000 250
1890000 254
1900000 243
1910000 241
1920000 243
1930000 329
1940000 242
1950000 242
1960000 241
1970000 243
1980000 243
1990000 242
2000000 241
2010000 332
2020000 255
2030000 438
2040000 268
2050000 252
2060000 246
2070000 500
2080000 252
2090000 241
2100000 253
2110000 253
2120000 289
2130000 256
2140000 252
2150000 252
2160000 253
2170000 252
2180000 343
2190000 253
2200000 428
2210000 254
2220000 252
2230000 343
2240000 325
2250000 310
2260000 312
2270000 312
2280000 334
2290000 256
2300000 267
2310000 267
2320000 265
2330000 265
2340000 273
2350000 282
2360000 264
2370000 264
2380000 264
2390000 318
2400000 264
2410000 300
2420000 263
2430000 275
2440000 264
2450000 263
2460000 300
2470000 263
2480000 262
2490000 279
2500000 261
2510000 294
2520000 261
2530000 259
2540000 260
2550000 259
2560000 260
2570000 259
2580000 258
2590000 267
2600000 257
2610000 257
2620000 257
2630000 269
2640000 264
2650000 300
2660000 256
2670000 256
2680000 264
2690000 258
2700000 276
2710000 267
2720000 340
2730000 378
2740000 260
2750000 255
2760000 319
2770000 260
2780000 321
2790000 253
2800000 253
2810000 350
2820000 265
2830000 253
2840000 253
2850000 253
2860000 259
2870000 265
2880000 261
2890000 264
2900000 253
2910000 253
2920000 254
2930000 383
2940000 263
2950000 257
2960000 253
2970000 265
2980000 253
2990000 253
3000000 254
3010000 284
3020000 297
3030000 253
3040000 253
3050000 253
3060000 316
3070000 253
3080000 253
3090000 253
3100000 261
3110000 256
3120000 266
3130000 253
3140000 253
3150000 377
3160000 324
3170000 261
3180000 259
3190000 289
3200000 264
3210000 312
3220000 349
3230000 259
3240000 254
3250000 254
3260000 253
3270000 253
3280000 297
3290000 253
3300000 255
3310000 267
3320000 253
3330000 257
3340000 253
3350000 266
3360000 253
3370000 552
3380000 290
3390000 259
3400000 296
3410000 331
3420000 255
3430000 254
3440000 275
3450000 254
3460000 255
3470000 275
3480000 255
3490000 264
3500000 253
3510000 256
3520000 256
3530000 256
3540000 256
3550000 256
3560000 273
3570000 256
3580000 256
3590000 255
3600000 255
3610000 313
3620000 280
3630000 330
3640000 261
3650000 264
3660000 545
3670000 348
3680000 280
3690000 323
3700000 450
3710000 265
3720000 320
3730000 262
3740000 279
3750000 260
3760000 262
3770000 421
3780000 277
3790000 316
3800000 285
3810000 267
3820000 264
3830000 284
3840000 266
3850000 307
3860000 284
3870000 266
3880000 277
3890000 308
3900000 263
3910000 264
3920000 265
3930000 318
3940000 268
3950000 264
3960000 318
3970000 383
3980000 264
3990000 265
4000000 265
4010000 265
4020000 263
4030000 268
4040000 282
4050000 264
4060000 287
4070000 271
4080000 262
4090000 261
4100000 261
4110000 261
4120000 262
4130000 260
4140000 325
4150000 270
4160000 279
4170000 276
4180000 254
4190000 252
4200000 269
4210000 287
4220000 253
4230000 264
4240000 253
4250000 253
4260000 252
4270000 253
4280000 254
4290000 277
4300000 369
4310000 254
4320000 269
4330000 255
4340000 264
4350000 267
4360000 263
4370000 263
4380000 255
4390000 318
4400000 255
4410000 394
4420000 252
4430000 265
4440000 338
4450000 252
4460000 270
4470000 353
4480000 330
4490000 335
4500000 415
4510000 254
4520000 285
4530000 290
4540000 274
4550000 261
4560000 267
4570000 275
4580000 266
4590000 260
4600000 261
4610000 267
4620000 267
4630000 259
4640000 285
4650000 257
4660000 259
4670000 257
4680000 263
4690000 257
4700000 281
4710000 271
4720000 257
4730000 268
4740000 268
4750000 267
4760000 269
4770000 254
4780000 276
4790000 266
4800000 267
4810000 253
4820000 276
4830000 354
4840000 266
4850000 263
4860000 334
4870000 350
4880000 269
4890000 655
4900000 254
4910000 271
4920000 287
4930000 255
4940000 255
4950000 254
4960000 275
4970000 415
4980000 283
4990000 253
5000000 263
5010000 267
5020000 271
5030000 382
5040000 280
5050000 266
5060000 301
5070000 271
5080000 281
5090000 263
5100000 285
5110000 267
5120000 260
5130000 316
5140000 255
5150000 306
5160000 254
5170000 276
5180000 300
5190000 482
5200000 287
5210000 306
5220000 379
5230000 284
5240000 264
5250000 278
5260000 270
5270000 289
5280000 331
5290000 258
5300000 268
5310000 268
5320000 284
5330000 287
5340000 276
5350000 361
5360000 267
5370000 274
5380000 316
5390000 262
5400000 358
5410000 260
5420000 350
5430000 263
5440000 260
5450000 278
5460000 353
5470000 333
5480000 256
5490000 287
5500000 266
5510000 274
5520000 281
5530000 260
5540000 263
5550000 357
5560000 283
5570000 270
5580000 257
5590000 265
5600000 273
5610000 275
5620000 258
5630000 296
5640000 259
5650000 259
5660000 260
5670000 270
5680000 263
5690000 258
5700000 265
5710000 273
5720000 290
5730000 264
5740000 271
5750000 258
5760000 258
5770000 374
5780000 406
5790000 274
5800000 254
5810000 273
5820000 276
5830000 253
5840000 270
5850000 272
5860000 279
5870000 255
5880000 261
5890000 293
5900000 278
5910000 255
5920000 255
5930000 261
5940000 308
5950000 439
5960000 283
5970000 264
5980000 264
5990000 272
6000000 268
6010000 265
6020000 275
6030000 272
6040000 271
6050000 255
6060000 381
6070000 269
6080000 258
6090000 265
6100000 327
6110000 366
6120000 263
6130000 284
6140000 289
6150000 268
6160000 275
6170000 263
6180000 255
6190000 256
6200000 254
6210000 270
6220000 255
6230000 256
6240000 300
6250000 271
6260000 300
6270000 454
6280000 270
6290000 337
6300000 371
6310000 254
6320000 415
6330000 283
6340000 331
6350000 255
6360000 330
6370000 269
6380000 358
6390000 284
6400000 254
6410000 268
6420000 269
6430000 271
6440000 265
6450000 274
6460000 340
6470000 283
6480000 312
6490000 328
6500000 461
6510000 380
6520000 260
6530000 277
6540000 294
6550000 275
6560000 278
6570000 254
6580000 255
6590000 255
6600000 316
6610000 263
6620000 310
6630000 560
6640000 286
6650000 263
6660000 291
6670000 275
6680000 284
6690000 281
6700000 283
6710000 283
6720000 287
6730000 275
6740000 355
6750000 291
6760000 288
6770000 282
6780000 284
6790000 427
6800000 280
6810000 421
6820000 277
6830000 262
6840000 290
6850000 264
6860000 291
6870000 271
6880000 278
6890000 260
6900000 275
6910000 274
6920000 262
6930000 279
6940000 260
6950000 311
6960000 398
6970000 356
6980000 382
6990000 284
7000000 264
7010000 281
7020000 283
7030000 288
7040000 278
7050000 260
7060000 284
7070000 275
7080000 268
7090000 278
7100000 262
7110000 260
7120000 313
7130000 274
7140000 484
7150000 268
7160000 795
7170000 282
7180000 339
7190000 425
7200000 284
7210000 276
7220000 279
7230000 273
7240000 273
7250000 408
7260000 260
7270000 271
7280000 274
7290000 261
7300000 261
7310000 275
7320000 261
7330000 280
7340000 284
7350000 276
7360000 265
7370000 259
7380000 267
7390000 266
7400000 258
7410000 389
7420000 276
7430000 282
7440000 273
7450000 273
7460000 397
7470000 275
7480000 277
7490000 260
7500000 331
7510000 274
7520000 255
7530000 255
7540000 268
7550000 268
7560000 291
7570000 268
7580000 272
7590000 268
7600000 266
7610000 254
7620000 254
7630000 327
7640000 258
7650000 254
7660000 264
7670000 342
7680000 425
7690000 256
7700000 272
7710000 274
7720000 265
7730000 268
7740000 254
7750000 277
7760000 314
7770000 268
7780000 254
7790000 268
7800000 371
7810000 253
7820000 284
7830000 271
7840000 255
7850000 258
7860000 267
7870000 254
7880000 254
7890000 254
7900000 254
7910000 310
7920000 268
7930000 277
7940000 273
7950000 339
7960000 331
7970000 470
7980000 295
7990000 288
8000000 282
8010000 377
8020000 282
8030000 342
8040000 279
8050000 276
8060000 264
8070000 269
8080000 255
8090000 273
8100000 255
8110000 254
8120000 262
8130000 263
8140000 254
8150000 256
8160000 273
8170000 271
8180000 387
8190000 275
8200000 265
8210000 254
8220000 273
8230000 271
8240000 271
8250000 276
8260000 281
8270000 353
8280000 254
8290000 273
8300000 265
8310000 253
8320000 254
8330000 254
8340000 254
8350000 266
8360000 302
8370000 315
8380000 278
8390000 275
8400000 277
8410000 349
8420000 276
8430000 273
8440000 273
8450000 275
8460000 341
8470000 279
8480000 290
8490000 285
8500000 297
8510000 283
8520000 295
8530000 331
8540000 302
8550000 277
8560000 277
8570000 288
8580000 277
8590000 280
8600000 276
8610000 275
8620000 277
8630000 275
8640000 274
8650000 302
8660000 303
8670000 395
8680000 286
8690000 371
8700000 277
8710000 286
8720000 296
8730000 399
8740000 276
8750000 338
8760000 276
8770000 274
8780000 278
8790000 290
8800000 290
8810000 280
8820000 316
8830000 274
8840000 277
8850000 274
8860000 274
8870000 345
8880000 428
8890000 278
8900000 274
8910000 367
8920000 284
8930000 337
8940000 302
8950000 288
8960000 286
8970000 292
8980000 285
8990000 284
9000000 284
9010000 280
9020000 435
9030000 278
9040000 276
9050000 278
9060000 274
9070000 343
9080000 277
9090000 291
9100000 277
9110000 277
9120000 277
9130000 291
9140000 279
9150000 276
9160000 281
9170000 273
9180000 299
9190000 278
9200000 276
9210000 558
9220000 358
9230000 278
9240000 280
9250000 294
9260000 277
9270000 293
9280000 357
9290000 279
9300000 277
9310000 289
9320000 277
9330000 329
9340000 300
9350000 277
9360000 278
9370000 343
9380000 331
9390000 317
9400000 341
9410000 304
9420000 290
9430000 366
9440000 299
9450000 285
9460000 283
9470000 281
9480000 282
9490000 282
9500000 336
9510000 278
9520000 277
9530000 278
9540000 298
9550000 279
9560000 280
9570000 279
9580000 298
9590000 301
9600000 311
9610000 287
9620000 287
9630000 302
9640000 284
9650000 300
9660000 369
9670000 368
9680000 295
9690000 279
9700000 280
9710000 292
9720000 298
9730000 278
9740000 278
9750000 293
9760000 287
9770000 277
9780000 275
9790000 375
9800000 277
9810000 410
9820000 288
9830000 287
9840000 320
9850000 536
9860000 287
9870000 285
9880000 288
9890000 278
9900000 279
9910000 281
9920000 346
9930000 278
9940000 302
9950000 291
9960000 287
9970000 287
9980000 286
9990000 287
10000000 300
