number count
10000 90572
20000 186102
30000 269410
40000 358448
50000 428902
60000 509596
70000 600029
80000 701622
90000 765756
100000 851789
110000 979997
120000 1071731
130000 1133509
140000 1178985
150000 1260796
160000 1370694
170000 1433649
180000 1520607
190000 1597923
200000 1732410
210000 1777774
220000 1864235
230000 1977780
240000 2058818
250000 2164192
260000 2264529
270000 2340688
280000 2390427
290000 2461994
300000 2548369
310000 2637832
320000 2731437
330000 2837200
340000 2863759
350000 2988803
360000 3082197
370000 3185076
380000 3264318
390000 3414609
400000 3440582
410000 3661016
420000 3623844
430000 3723691
440000 3951754
450000 4116752
460000 4316082
470000 4357002
480000 4409547
490000 4428543
500000 4470839
510000 4707456
520000 4745531
530000 4898975
540000 5122609
550000 5097225
560000 5117321
570000 5113832
580000 5207328
590000 5244631
600000 5237099
610000 5329400
620000 5419018
630000 5340783
640000 5456661
650000 5662541
660000 5715904
670000 5821184
680000 5834553
690000 5950919
700000 6008713
710000 6273394
720000 6609916
730000 6629266
740000 6232756
750000 6401016
760000 6448776
770000 6550754
780000 6543319
790000 6650142
800000 6735232
810000 6911294
820000 6956830
830000 6978747
840000 7025064
850000 7153660
860000 7378371
870000 7363914
880000 7405798
890000 7433940
900000 7702654
910000 7719351
920000 7711480
930000 7799020
940000 7973969
950000 8186133
960000 8171363
970000 8194438
980000 8412182
990000 8385534
1000000 8324321
1010000 8644476
1020000 8812915
1030000 8726224
1040000 8703657
1050000 9000360
1060000 9236114
1070000 9004740
1080000 9210565
1090000 9525911
1100000 9361065
1110000 9570085
1120000 9769396
1130000 9840354
1140000 9689175
1150000 10001674
1160000 10202098
1170000 10040391
1180000 10179143
1190000 10422719
1200000 10401404
1210000 10375516
1220000 10701354
1230000 10661515
1240000 10576816
1250000 10872981
1260000 10862158
1270000 10912222
1280000 11165521
1290000 11149852
1300000 11219224
1310000 11531893
1320000 11389272
1330000 11432753
1340000 11584492
1350000 11488744
1360000 11856788