number count
10000 43859
20000 86245
30000 127086
40000 167263
50000 209503
60000 253195
70000 289164
80000 325272
90000 373953
100000 417302
110000 462430
120000 513528
130000 554939
140000 590978
150000 632882
160000 666758
170000 717628
180000 781559
190000 810221
200000 869888
210000 880816
220000 939326
230000 966700
240000 1033179
250000 1083928
260000 1100250
270000 1126215
280000 1173505
290000 1219277
300000 1251720
310000 1325882
320000 1339349
330000 1394936
340000 1420007
350000 1484478
360000 1517235
370000 1560128
380000 1595763
390000 1614969
400000 1689721
410000 1716130
420000 1758923
430000 1816412
440000 1923993
450000 1918958
460000 1930254
470000 1978932
480000 2068507
490000 2083375
500000 2119930
510000 2171123
520000 2171957
530000 2182957
540000 2225353
550000 2313628
560000 2330163
570000 2385131
580000 2415262
590000 2438325
600000 2501333
610000 2593548
620000 2606813
630000 2652600
640000 2711700
650000 2711855
660000 2779382
670000 2805995
680000 2887131
690000 2920505
700000 2977261
710000 3071283
720000 3113883
730000 3116364
740000 3186472
750000 3231390
760000 3250393
770000 3257847
780000 3250669
790000 3394763
800000 3339315
810000 3379547
820000 3467032
830000 3493757
840000 3516986
850000 3587054
860000 3594983
870000 3680284
880000 3742861
890000 3824253
900000 3897630
910000 3932075
920000 3908925
930000 4037183
940000 4034973
950000 3994303
960000 4123032
970000 4113608
980000 4103316
990000 4148129
1000000 4224788
1010000 4243429
1020000 4351625
1030000 4405479