number count
1000 1200
2000 2327
3000 3313
4000 4400
5000 5697
6000 6744
7000 7826
8000 11154
9000 10652
10000 11605
11000 13037
12000 14515
13000 15530
14000 15953
15000 17785
16000 18870
17000 19374
18000 20473
19000 20648
20000 23329
21000 23866
22000 25408
23000 25569
24000 27405
25000 28058
26000 29676
27000 29777
28000 32373
29000 33988
30000 34449
31000 35905
32000 35715
33000 39509
34000 37540
35000 39741
36000 40649
37000 40123
38000 42828
39000 45426
40000 44170
41000 46442
42000 48038
43000 48938
44000 50179
45000 49684
46000 50605
47000 53050
48000 53800
49000 56742
50000 56390
51000 57280
52000 59907
53000 59664
54000 59110
55000 62487
56000 63323
57000 64196
58000 64186
59000 66519
60000 66133
61000 67961
62000 70531
63000 71283
64000 74502
65000 73067
66000 74223
67000 77182
68000 77841
69000 76945
70000 81978
71000 82976
72000 86333
73000 85106
74000 85398
75000 89920
76000 93807
77000 93048
78000 93680
79000 95081
80000 95939
81000 91297
82000 96675
83000 96113
84000 94943
85000 100568
86000 103891
87000 115028
88000 100477
89000 106165
90000 106064
91000 107787
92000 112443
93000 115305
94000 112728
95000 115344
96000 119147
97000 118978
98000 115675
99000 121982
100000 120539
101000 117891
102000 123704
103000 128308
104000 127569
105000 128269
106000 126535
107000 128591
108000 126180
109000 135180
110000 131903
111000 133368
112000 135088
113000 135726
114000 129213
115000 136174
116000 138281
117000 140533
118000 142182
119000 144176
120000 139700
121000 146843
122000 144928
123000 147383
124000 159659
125000 150974
126000 142959
127000 154617
128000 152852
129000 157311
130000 156736
131000 163967
132000 162350
133000 164966
134000 162349
135000 158826
136000 163588
137000 155888
138000 168244
139000 167831
140000 168114
141000 169994
142000 169874
143000 166255
144000 170369
145000 168099
146000 172569
147000 175354
148000 183114
149000 180051
150000 178777
151000 190647
152000 183485
153000 191617
154000 186973
155000 183648
156000 205975
157000 189949
158000 185462
159000 191225
160000 196649
161000 196101
162000 192352
163000 194778
164000 201726
165000 185938
166000 199955
167000 204028
168000 206527
169000 208138
170000 205359
171000 212887
172000 204727
173000 207333
174000 213675
175000 213197
176000 209911
177000 221723
178000 211392
179000 215498
180000 219863
181000 229245
182000 216144
183000 219401
184000 233838
185000 221026
186000 227476
187000 225796
188000 223050
189000 223058
190000 226874
191000 221591
192000 225830
193000 228932
194000 236681
195000 228306
196000 240600
197000 233419
198000 235483
199000 241167
200000 243014
201000 236946
202000 241588
203000 247255
204000 248562
205000 235848
206000 230500
207000 243982
208000 244683
209000 250130
210000 252495
211000 245960
212000 253381
213000 252981
214000 256078
215000 253312
216000 257170
217000 251165
218000 254129
219000 254697
220000 278509
221000 258329
222000 264126
223000 266132
224000 273033
225000 279076
226000 276807
227000 274154
228000 270571
229000 276661
230000 265545
231000 272439
232000 268600
233000 283813
234000 274171
235000 284418
236000 290932
237000 278289
238000 280395
239000 285602
240000 292660
241000 295089
242000 286986
243000 292496
244000 283963
245000 294817
246000 281118
247000 280320
248000 290156
249000 291715
250000 303986
251000 286865
252000 314430
253000 292145
254000 305957
255000 299699
256000 299474
257000 292990
258000 284877
259000 300904
260000 314209
261000 317122
262000 326308
263000 329067
264000 321553
265000 327963
266000 311663
267000 319198
268000 328119
269000 320224
270000 314720
271000 339029
272000 325744
273000 318443
274000 323445
275000 334153
276000 314168
277000 316232
278000 327929
279000 332806
280000 321394
281000 353822
282000 335724
283000 323459
284000 338854
285000 383709
286000 355274
287000 328306
288000 337808
289000 332217
290000 336954
291000 347730
292000 357696
293000 341081
294000 354488
295000 361418
296000 365815
297000 355733
298000 352166
299000 363062
300000 370003
301000 366407
302000 356680
303000 367711
304000 367757
305000 361582
306000 373967
307000 366010
308000 364365
309000 371428
310000 353254
311000 355558
312000 362292
313000 361260
314000 368749
315000 371679
316000 375582
317000 366422
318000 382101
319000 385024
320000 370057
321000 381015
322000 381556
323000 364899
324000 368217
325000 367958
326000 368795
327000 367499
328000 371726
329000 377684
330000 380872
331000 384760
332000 393467
333000 405535
334000 399130
335000 399126
336000 395168
337000 417464
338000 417297
339000 402922
340000 404925
341000 416653
342000 400265
343000 403164
344000 413607
345000 407169
346000 412074
347000 398442
348000 420478
349000 403504
350000 410392
351000 402265
352000 421045
353000 424257
354000 413675
355000 408471
356000 428827
357000 440262
358000 429313
359000 435151
360000 459430
361000 445392
362000 438428
363000 433479
364000 460655
365000 424752
366000 439694
367000 448486
368000 434238
369000 429051
370000 449515
371000 458009
372000 442853
373000 450592
374000 445159
375000 439403
376000 431104
377000 452604
378000 442998
379000 444145
380000 454480
381000 457816
382000 451455
383000 462238
384000 439672
385000 455544
386000 460217
387000 464050
388000 458417
389000 459544
390000 459718
391000 472738
392000 460929
393000 463243
394000 480323
395000 482505
396000 474621
397000 466473
398000 453514
399000 464401
400000 477178
401000 467856
402000 470569
403000 474370
404000 461418
405000 483285
406000 485231
407000 490162
408000 489480
409000 485870
410000 487973
411000 493414
412000 484923
413000 485750
414000 479932
415000 477209
416000 512755
417000 495674
418000 504601
419000 492485
420000 490352
421000 494409
422000 510948
423000 492669
424000 505757
425000 493555
426000 503467
427000 502263
428000 507979
429000 490671
430000 527075
431000 498300
432000 527606
433000 506045
434000 491988
435000 517606
436000 493156
437000 515779
438000 528522
439000 533608
440000 517047
441000 532050
442000 539732
443000 541276
444000 539262
445000 534787
446000 504204
447000 522667
448000 533264
449000 523459
450000 523539
451000 526189
452000 545337
453000 540301
454000 546490
455000 531561
456000 550635
457000 538086
458000 549599
459000 544728
460000 552720
461000 529958
462000 549386
463000 536850
464000 550436
465000 564157
466000 568443
467000 548589
468000 579067
469000 587766
470000 573131
471000 569882
472000 573201
473000 552587
474000 572321
475000 556026
476000 550331
477000 553718
478000 559619
479000 572937
480000 568970
481000 551038
482000 563081
483000 584906
484000 566600
485000 556967
486000 572925
487000 575571
488000 580879
489000 578093
490000 603387
491000 596445
492000 553088
493000 595302
494000 592895
495000 578123
496000 596155
497000 574276
498000 570265
499000 561649